log_number: 1
frame_id: "map"
connected: True
armed: True
mode: "OFFBOARD"
x: 0.1990462839603424
y: 0.06227777525782585
z: 1.0283207893371582
lat: nan
lon: nan
alt: nan
vx: 0.05214858427643776
vy: 0.029372915625572205
vz: 0.034643057733774185
roll: 0.005667450372129679
pitch: 0.012064811773598194
yaw: 0.020684339106082916
roll_rate: 0.002671332098543644
pitch_rate: -0.006515850778669119
yaw_rate: 0.002325373003259301
voltage: 15.946001052856445
cell_voltage: 15.946001052856445
