log_number: 1
frame_id: "map"
connected: True
armed: True
mode: "OFFBOARD"
x: -0.2724044919013977
y: 0.31592875719070435
z: 1.0272613763809204
lat: nan
lon: nan
alt: nan
vx: 0.011803430505096912
vy: -0.00019735148816835135
vz: 0.04389086738228798
roll: 0.01703501120209694
pitch: -0.007706058211624622
yaw: 0.07211291044950485
roll_rate: 0.0046562147326767445
pitch_rate: -0.0049776481464505196
yaw_rate: -0.0016595443012192845
voltage: 15.907000541687012
cell_voltage: 15.907000541687012
