log_number: 1
frame_id: "map"
connected: True
armed: True
mode: "OFFBOARD"
x: -0.8548665642738342
y: -0.13654884696006775
z: 1.024894118309021
lat: nan
lon: nan
alt: nan
vx: 0.054117072373628616
vy: 0.0895991250872612
vz: 0.04160334914922714
roll: 0.008603790774941444
pitch: 0.012244055047631264
yaw: 0.02775614894926548
roll_rate: 0.008627933450043201
pitch_rate: -0.008841481059789658
yaw_rate: 0.0017362183425575495
voltage: 15.908000946044922
cell_voltage: 15.908000946044922
