log_number: 1
frame_id: "map"
connected: True
armed: True
mode: "OFFBOARD"
x: 2.9634742736816406
y: -0.15534353256225586
z: 1.0233943462371826
lat: nan
lon: nan
alt: nan
vx: -0.01223541609942913
vy: -0.04762013256549835
vz: 0.040380269289016724
roll: 0.01310797780752182
pitch: 0.0066225724294781685
yaw: 0.02676694467663765
roll_rate: -0.009073261171579361
pitch_rate: 0.0025816543493419886
yaw_rate: 0.0008426475105807185
voltage: 15.908000946044922
cell_voltage: 15.908000946044922
