log_number: 2
frame_id: "map"
connected: True
armed: True
mode: "OFFBOARD"
x: 0.8118682503700256
y: 0.41932177543640137
z: 1.1061451435089111
lat: nan
lon: nan
alt: nan
vx: -0.030794022604823112
vy: -0.015495594590902328
vz: 0.005921007599681616
roll: 0.023556549102067947
pitch: -0.016828622668981552
yaw: 0.07206729054450989
roll_rate: 0.0012015870306640863
pitch_rate: 0.00849232915788889
yaw_rate: -0.0012139492901042104
voltage: 15.17400074005127
cell_voltage: 15.17400074005127
