log_number: 2
frame_id: "map"
connected: True
armed: True
mode: "OFFBOARD"
x: 14.254316329956055
y: 0.27847176790237427
z: 0.9945366978645325
lat: nan
lon: nan
alt: nan
vx: -0.043447576463222504
vy: 0.00186489790212363
vz: 0.029748838394880295
roll: 0.020422911271452904
pitch: -0.004011221695691347
yaw: 0.027548233047127724
roll_rate: -0.0012221784563735127
pitch_rate: 0.0015144909266382456
yaw_rate: 0.0013495787279680371
voltage: 15.100000381469727
cell_voltage: 15.100000381469727
