log_number: 2
frame_id: "map"
connected: True
armed: True
mode: "OFFBOARD"
x: 13.006634712219238
y: 0.1075187474489212
z: 1.0355936288833618
lat: nan
lon: nan
alt: nan
vx: -0.020599430426955223
vy: 0.009139041416347027
vz: -0.010584162548184395
roll: 0.013965001329779625
pitch: 0.0024383869022130966
yaw: 0.027100566774606705
roll_rate: 0.0035970830358564854
pitch_rate: 0.004639740101993084
yaw_rate: 0.0005104014417156577
voltage: 15.11400032043457
cell_voltage: 15.11400032043457
