log_number: 2
frame_id: "map"
connected: True
armed: True
mode: "OFFBOARD"
x: 1.2868237495422363
y: 0.07343604415655136
z: 1.0336166620254517
lat: nan
lon: nan
alt: nan
vx: -0.027966033667325974
vy: 0.011762036010622978
vz: -0.009338385425508022
roll: 0.007913674227893353
pitch: 0.0022816015407443047
yaw: 0.02080496959388256
roll_rate: -0.0008381061488762498
pitch_rate: 0.013456664979457855
yaw_rate: -0.00041387113742530346
voltage: 15.726000785827637
cell_voltage: 15.726000785827637
