log_number: 3
frame_id: "map"
connected: True
armed: True
mode: "OFFBOARD"
x: 1.7305359840393066
y: 1.5299912691116333
z: 1.1296300888061523
lat: nan
lon: nan
alt: nan
vx: -0.02464362606406212
vy: -0.029856691136956215
vz: -0.014763522893190384
roll: 0.023738594725728035
pitch: -0.014023970812559128
yaw: 0.07217522710561752
roll_rate: -0.012845247983932495
pitch_rate: 0.0020779897458851337
yaw_rate: 0.0032298187725245953
voltage: 15.100000381469727
cell_voltage: 15.100000381469727
