log_number: 3
frame_id: "map"
connected: True
armed: True
mode: "OFFBOARD"
x: 1.3050347566604614
y: 1.1282024383544922
z: 1.0431063175201416
lat: nan
lon: nan
alt: nan
vx: -0.015733275562524796
vy: -0.02752329781651497
vz: -0.008210289292037487
roll: 0.013879192061722279
pitch: 0.005034418776631355
yaw: 0.02077099122107029
roll_rate: -0.015552569180727005
pitch_rate: -0.0011559270787984133
yaw_rate: 0.0012934149708598852
voltage: 15.579000473022461
cell_voltage: 15.579000473022461
