log_number: 3
frame_id: "map"
connected: True
armed: True
mode: "OFFBOARD"
x: 12.703031539916992
y: 10.11728286743164
z: 1.0287811756134033
lat: nan
lon: nan
alt: nan
vx: 0.01467710267752409
vy: -0.030578091740608215
vz: 0.004474877379834652
roll: 0.011928296647965908
pitch: 0.00988075789064169
yaw: 0.02694316953420639
roll_rate: -0.01779887080192566
pitch_rate: -0.008870747871696949
yaw_rate: -0.0013179345987737179
voltage: 15.100000381469727
cell_voltage: 15.100000381469727
