log_number: 3
frame_id: "map"
connected: True
armed: True
mode: "OFFBOARD"
x: 13.84243106842041
y: 15.35283088684082
z: 1.0175970792770386
lat: nan
lon: nan
alt: nan
vx: 0.0007982499664649367
vy: -0.06294605880975723
vz: -0.026677759364247322
roll: 0.024241168051958084
pitch: 0.01056287344545126
yaw: 0.027413224801421165
roll_rate: -0.015106640756130219
pitch_rate: -0.004183359444141388
yaw_rate: 0.001590230385772884
voltage: 15.100000381469727
cell_voltage: 15.100000381469727
