log_number: 4
frame_id: "map"
connected: True
armed: True
mode: "OFFBOARD"
x: -1.2725093364715576
y: 14.930850982666016
z: 1.023620843887329
lat: nan
lon: nan
alt: nan
vx: 0.06380824744701385
vy: 0.006549732759594917
vz: -0.006790265440940857
roll: 0.01462604757398367
pitch: 0.021426359191536903
yaw: 0.027364928275346756
roll_rate: 0.00023966131266206503
pitch_rate: -0.015426497906446457
yaw_rate: -0.001298082061111927
voltage: 15.100000381469727
cell_voltage: 15.100000381469727
