log_number: 4
frame_id: "map"
connected: True
armed: True
mode: "OFFBOARD"
x: 2.615406036376953
y: 9.85015869140625
z: 1.038301944732666
lat: nan
lon: nan
alt: nan
vx: 0.05406564474105835
vy: -0.011229968629777431
vz: -0.01251080259680748
roll: 0.016044139862060547
pitch: 0.012291853316128254
yaw: 0.02710467018187046
roll_rate: -0.005758538842201233
pitch_rate: -0.011007612571120262
yaw_rate: 0.0015387320891022682
voltage: 15.100000381469727
cell_voltage: 15.100000381469727
