log_number: 4
frame_id: "map"
connected: True
armed: True
mode: "OFFBOARD"
x: 1.6018249988555908
y: 2.544766902923584
z: 1.1244990825653076
lat: nan
lon: nan
alt: nan
vx: 0.019849281758069992
vy: -0.04169623926281929
vz: -0.009258151054382324
roll: 0.025316566228866577
pitch: -0.005987232085317373
yaw: 0.0719669982790947
roll_rate: -0.012739572674036026
pitch_rate: -0.0018218638142570853
yaw_rate: 0.0009838840924203396
voltage: 15.100000381469727
cell_voltage: 15.100000381469727
