log_number: 4
frame_id: "map"
connected: True
armed: True
mode: "OFFBOARD"
x: 0.2916429936885834
y: 1.1243295669555664
z: 1.0524272918701172
lat: nan
lon: nan
alt: nan
vx: -0.0045475768856704235
vy: -0.005963357165455818
vz: -0.009697825647890568
roll: 0.011325797066092491
pitch: 0.011450105346739292
yaw: 0.020586136728525162
roll_rate: 0.002191911917179823
pitch_rate: -0.010853834450244904
yaw_rate: 0.0013594763586297631
voltage: 15.360000610351562
cell_voltage: 15.360000610351562
